        (65, 184),
        (275, 183),
        (487, 183),
        (685, 183),
        (904, 183),
        (1117, 183),
        (1324, 183),
        (1545, 183),
        
        (154, 228),
        (354, 228),
        (554, 228),
        (754, 228),
        (954, 228),
        (1154, 228),
        (1354, 228),
       
        (69, 283),
        (275, 283),
        (487, 283),
        (685, 283),
        (904, 283),
        (1117, 283),
        (1324, 283),
        (1545, 283),

        (128, 331),
        (348, 331),
        (578, 331),
        (808, 331),
        (1028, 331),
        (1248, 331),
        (1470, 331)


                (172, 126),  # castle
        (686, 388),  # darknest
        (1027, 337), # resource
        (1040, 554), # monster
        (913, 271)   # vacant